0 42521.27777777778 34107.2 50203.100000000006
1 35533.38888888889 29136.6 43015.5
2 33176.38888888889 27146.5 38824.4
3 30395.555555555555 25892.5 35712.2
4 28379.555555555555 24380.3 33091.9
5 26592.555555555555 21702.8 31699.199999999997
6 25035.833333333332 20176.5 29692.5
7 24018.38888888889 19339.899999999998 28679.0
8 22024.166666666668 17980.6 26089.7
9 20337.333333333332 15836.800000000001 23664.0
10 19049.166666666668 14021.8 22356.300000000003
11 17869.277777777777 13119.7 21554.100000000002
12 16649.555555555555 11924.1 20239.0
13 15877.666666666666 11836.4 18626.100000000002
14 14957.611111111111 11195.3 17716.100000000002
15 13916.722222222223 10384.099999999999 16751.0
16 12938.444444444445 9194.4 15768.8
17 11410.111111111111 8163.0 14616.4
18 10752.777777777777 7623.1 13837.5
19 9960.722222222223 6709.9 13365.9
20 9313.444444444445 5988.6 13026.0
21 8679.777777777777 5692.6 11789.0
22 8144.277777777777 5617.2 11492.5
23 7211.055555555556 4846.3 10649.6
24 6456.777777777777 4219.0 10440.800000000001
25 5547.444444444444 3341.0 8212.400000000001
26 5054.222222222223 2685.7 7615.000000000003
27 4139.833333333333 2184.3 6825.600000000002
28 3559.5 1900.0 6545.100000000002
29 3117.777777777778 1732.0 6084.800000000001
30 2851.0555555555557 1521.0 5518.300000000002
31 2374.8888888888887 1399.1 4596.200000000001
32 2151.8333333333335 1133.4 4450.300000000001
33 1810.9444444444443 875.1 3674.2
34 1413.1666666666667 803.0 2837.6
35 1259.6666666666667 735.2 2394.1000000000004
36 1084.6666666666667 602.7 2218.3
37 959.7222222222222 519.7 2052.3
38 775.6666666666666 319.8 1495.7000000000003
39 689.3888888888889 274.6 1423.5000000000005
40 545.6666666666666 132.20000000000002 1083.3000000000004
41 449.05555555555554 121.60000000000001 927.2000000000004
42 352.77777777777777 45.400000000000006 833.6000000000004
43 299.5 24.700000000000003 777.0000000000002
44 220.0 4.900000000000001 542.1000000000001
45 167.44444444444446 0.0 384.70000000000016
46 116.72222222222223 0.0 282.9000000000001
47 73.83333333333333 0.0 238.10000000000008
48 58.44444444444444 0.0 180.3
49 36.27777777777778 0.0 154.20000000000002
50 17.38888888888889 0.0 87.9
51 9.88888888888889 0.0 32.10000000000001
52 5.055555555555555 0.0 5.7000000000000135
53 1.3333333333333333 0.0 2.7000000000000064
54 1.6666666666666667 0.0 5.400000000000002
55 0.25 0.0 0.0
56 0.0 0.0 0.0
57 0.0 0.0 0.0
58 0.0 0.0 0.0
59 0.0 0.0 0.0
