28333.941176470587
24673.529411764706
26349.117647058825
26462.823529411766
26942.117647058825
14180.588235294117
18726.70588235294
15246.411764705883
18522.823529411766
21046.352941176472
11996.176470588236
9770.176470588236
16180.35294117647
10852.823529411764
10812.235294117647
10501.470588235294
13359.470588235294
11733.29411764706
8613.0
7982.411764705882
12932.529411764706
6140.882352941177
11394.764705882353
11934.058823529413
7235.529411764706
8762.117647058823
7296.470588235294
8996.882352941177
7121.666666666667
7567.117647058823
4724.705882352941
3972.9411764705883
2821.235294117647
3048.470588235294
3784.4117647058824
4380.117647058823
5810.941176470588
5753.35294117647
2577.764705882353
5816.64705882353
3869.470588235294
5455.470588235294
7614.470588235294
1912.5294117647059
6243.470588235294
2847.9411764705883
3924.529411764706
2362.294117647059
2422.8823529411766
1746.1764705882354
2928.176470588235
1256.9411764705883
2534.529411764706
2320.3529411764707
807.2727272727273
3987.090909090909
4408.636363636364
646.8
0.0
234.0
