21134.032258064515
19285.387096774193
20415.032258064515
20224.451612903227
19869.516129032258
11729.129032258064
16502.09677419355
12935.709677419354
15802.129032258064
16352.193548387097
10592.838709677419
9888.58064516129
12944.741935483871
9198.870967741936
9823.032258064517
8716.838709677419
10480.774193548386
9405.290322580646
8380.90322580645
6970.548387096775
10542.064516129032
6304.935483870968
9731.09677419355
10250.387096774193
6158.612903225807
7925.935483870968
7415.4838709677415
6646.967741935484
5230.068965517241
5788.709677419355
4533.774193548387
3310.8387096774195
3482.6774193548385
3586.2258064516127
4925.8387096774195
3737.0
4838.290322580645
4304.064516129032
3293.548387096774
5158.612903225807
3405.3225806451615
4269.935483870968
4985.806451612903
1864.6451612903227
4956.645161290323
3343.935483870968
3722.0
2582.516129032258
1820.8387096774193
1731.774193548387
1793.0967741935483
996.6129032258065
1541.7096774193549
1399.225806451613
1727.88
2458.12
1952.52
555.5833333333334
57.0625
1440.1333333333334
